0 0 0 0 0 0 0 0 0 0 0 0 0 0 0 0 0 0 0 0 0 0 0 0 0 0 0 0 0 0 0 0 0 0 0 0 0 0 0 0 0 0 0 0 0 0 0 0 0 0 0 0 0 0 0 0 0 0 0 0 0 0 0 0 0 0 0 0 0 0 0 0 0 0 0 0 0 0 0 0 0 0 0 0 0 0 0 0 0 0 0 0 0 0 0 0 0 0 0 0
1 0 0 1 0 1 0 0 1 0 2 2 1 0 0 0 1 0 0 0 0 0 0 1 0 0 0 0 0 0 0 0 0 0 0 0 0 0 0 0 0 0 0 0 0 0 0 1 1 1 0 1 1 0 0 1 0 1 1 0 0 0 0 0 0 0 1 1 2 1 0 0 1 1 1 0 0 1 0 0 1 0 1 1 0 0 1 0 0 0 1 0 1 1 0 0 0 1 0 1
2 1 0 3 0 1 0 0 1 0 2 2 2 0 0 0 1 2 0 1 0 1 0 2 0 0 1 0 0 1 0 1 0 0 0 0 2 0 0 2 1 1 0 2 0 0 0 1 1 2 0 1 2 0 0 2 0 1 1 1 1 0 1 0 1 1 1 1 2 1 1 1 1 1 1 0 1 1 0 0 1 0 1 1 0 0 1 1 1 1 2 0 1 2 0 1 0 1 0 2
3 2 0 3 3 1 0 0 1 2 3 3 3 1 0 2 1 3 0 1 1 1 0 3 1 0 1 0 1 1 0 2 1 1 0 1 2 0 0 2 2 1 0 2 0 0 0 1 1 2 0 1 2 0 0 2 0 1 1 1 1 0 1 0 1 3 1 1 3 2 1 1 1 2 1 0 1 1 0 0 1 1 2 1 2 0 1 1 1 2 2 0 1 3 0 1 1 1 1 2
3 2 0 3 3 1 0 1 1 2 4 3 3 1 0 2 1 3 1 1 2 1 1 3 1 0 1 0 1 1 0 2 2 3 0 1 2 2 0 2 2 2 1 2 0 0 0 1 2 2 0 1 2 0 1 2 1 1 1 1 1 0 3 0 4 3 1 3 4 3 1 3 1 3 1 0 2 1 0 0 1 1 2 1 2 0 1 2 2 2 2 0 1 3 0 1 1 2 1 2
4 2 1 4 3 1 0 1 2 4 4 3 5 2 1 2 1 3 1 1 2 1 1 3 2 1 2 1 1 1 0 2 3 3 0 1 2 2 1 3 2 3 1 2 1 0 0 1 2 2 0 1 2 1 3 2 1 1 3 1 2 0 3 1 4 3 2 3 5 4 1 4 1 3 1 1 2 2 0 0 1 1 3 1 2 1 1 2 2 3 2 0 1 3 1 1 1 3 2 2
5 2 2 4 4 1 1 1 2 4 4 3 5 2 1 2 1 3 2 1 3 2 2 4 3 1 2 1 1 1 0 2 3 4 0 2 2 3 2 4 2 3 1 3 1 0 0 2 3 3 0 1 2 4 3 2 1 1 3 1 3 0 3 2 5 3 2 3 5 5 1 4 1 3 1 2 2 2 0 1 1 1 3 1 2 1 1 3 4 4 2 0 2 4 2 2 1 3 2 4
5 2 3 4 4 1 1 1 3 6 4 3 5 2 1 4 1 3 5 1 3 2 2 5 5 1 2 1 1 1 0 4 3 5 1 2 3 3 3 4 3 3 2 4 1 0 0 3 7 3 0 1 3 4 4 3 1 1 4 1 5 1 3 3 5 3 2 3 5 5 1 4 1 3 2 2 3 2 0 1 1 1 3 2 2 2 1 4 4 4 2 0 2 4 3 2 1 3 2 4
5 2 3 4 4 1 1 2 3 6 4 3 5 3 1 4 1 3 5 1 4 3 4 5 5 1 3 1 2 2 0 4 6 5 1 2 3 4 3 4 3 4 2 7 1 0 0 3 7 3 1 1 5 5 4 3 1 1 4 1 6 1 3 4 5 4 4 4 6 5 2 4 1 4 3 3 3 2 0 1 1 2 4 2 2 3 1 4 5 4 2 0 2 4 3 2 1 4 3 4
6 3 4 6 4 1 1 2 3 7 5 3 5 5 2 4 2 3 5 1 4 3 4 5 5 2 4 1 3 3 0 4 6 5 1 3 4 4 5 5 4 5 2 7 1 0 0 4 7 3 1 1 6 5 5 4 1 1 4 1 8 2 5 4 5 5 5 6 6 5 2 5 1 4 3 3 3 3 0 2 1 2 4 2 2 3 1 4 5 5 2 1 2 4 4 2 1 4 3 4
6 3 4 7 5 1 2 2 3 7 5 3 5 5 2 5 2 3 6 1 4 3 4 5 5 2 5 1 3 3 0 4 6 6 1 3 4 4 5 5 4 5 3 7 3 0 0 4 7 3 1 2 6 6 7 4 2 1 4 2 8 3 5 4 6 5 6 6 9 6 2 5 1 4 3 5 3 3 2 2 1 2 4 2 5 4 3 4 5 5 2 1 2 4 4 2 1 4 4 4
7 3 5 7 5 1 2 2 3 7 6 3 6 5 3 5 2 3 7 1 4 3 5 6 5 2 5 1 5 3 0 4 8 6 1 3 4 4 5 7 5 5 3 7 3 1 0 6 7 3 1 3 6 7 8 4 4 1 4 2 9 3 5 4 7 6 6 6 10 6 2 6 3 4 3 5 4 3 3 2 2 2 4 2 5 5 3 4 5 5 4 1 2 4 4 2 1 4 4 4
7 3 5 8 7 2 2 3 4 8 6 3 6 5 4 5 2 4 7 1 6 3 5 6 7 2 5 1 5 4 1 5 8 7 1 3 5 4 5 7 5 5 3 7 4 1 0 6 7 3 1 3 7 9 9 4 5 1 6 2 9 3 5 5 7 7 8 6 10 6 2 7 3 4 4 5 5 4 3 2 2 3 4 2 5 5 3 5 5 5 4 1 3 4 4 3 2 5 4 4
8 3 6 11 7 2 2 4 4 8 6 3 6 5 4 7 2 5 8 1 6 3 6 7 7 3 5 1 5 4 2 5 8 8 1 4 5 4 5 7 7 7 4 7 4 1 0 6 7 3 2 3 7 9 9 5 6 1 6 2 9 4 6 5 7 7 10 7 11 6 3 9 3 4 5 5 6 4 3 3 2 3 5 3 6 5 4 5 5 5 4 1 3 4 5 3 4 5 4 4
9 4 6 11 8 2 2 4 4 9 6 3 6 5 4 7 2 5 8 1 7 3 7 8 7 3 6 1 6 5 2 7 8 8 1 5 5 6 5 7 7 8 4 8 5 1 0 6 7 4 2 3 7 9 10 6 6 1 6 2 9 4 7 6 7 7 11 8 11 7 3 9 3 4 5 7 6 4 3 3 2 3 5 3 7 5 5 5 5 6 5 2 3 4 5 3 4 5 5 4
9 4 6 11 8 3 2 5 4 10 6 3 6 5 4 7 2 7 9 1 7 3 7 8 7 4 6 2 6 6 2 8 8 8 2 5 5 6 5 7 7 8 4 9 5 2 1 6 7 4 2 4 7 9 11 6 6 2 6 2 9 4 8 6 8 7 12 10 12 7 4 9 3 6 5 7 7 4 3 4 2 3 5 3 7 6 7 6 5 6 5 4 3 4 6 4 4 6 5 4
10 4 6 12 8 3 2 5 5 10 6 3 6 5 4 8 3 7 9 1 7 3 7 8 8 5 6 2 7 6 2 8 8 10 3 5 5 6 6 7 8 8 4 9 5 3 1 6 9 4 2 4 7 9 11 6 6 2 6 3 10 4 9 6 8 7 13 11 13 8 4 10 3 6 5 8 7 4 3 4 2 3 5 5 7 6 7 6 5 7 6 5 3 5 6 4 4 8 5 4
11 4 6 13 8 3 2 5 5 10 7 3 6 5 4 8 3 7 10 2 8 4 7 8 9 6 6 3 7 8 4 8 8 10 3 5 6 6 7 8 8 8 5 10 5 3 1 6 9 4 2 5 7 9 11 6 6 2 6 3 10 4 9 6 8 7 14 12 14 8 5 10 3 6 5 9 7 4 3 4 3 3 6 5 8 6 7 6 5 7 6 6 4 5 6 4 4 9 5 4
11 4 6 14 8 3 3 5 5 10 7 6 6 5 4 8 3 7 11 3 9 5 7 8 9 6 7 3 7 8 4 9 10 10 3 5 6 6 7 8 8 8 5 10 5 3 2 7 10 4 2 5 8 9 11 6 6 3 8 3 10 4 9 6 8 7 14 12 14 8 6 11 3 6 5 9 7 4 3 4 3 4 6 5 9 6 7 6 5 7 6 6 4 10 6 4 4 9 5 4
11 4 6 14 8 3 5 5 5 10 7 6 6 5 6 9 3 7 11 4 9 5 8 8 10 6 7 3 7 9 4 9 10 10 4 6 6 8 7 8 9 8 5 10 5 3 2 7 10 4 3 5 8 9 11 6 6 3 9 4 10 4 10 6 8 8 14 12 14 9 6 11 4 6 6 9 7 4 3 5 4 4 6 6 9 6 7 6 6 8 6 8 5 12 6 5 5 9 7 5
11 7 7 14 8 3 5 5 6 10 7 6 6 5 6 9 3 8 13 5 9 6 8 8 10 7 7 3 7 10 4 9 10 10 5 7 8 8 7 8 10 8 5 11 5 4 2 8 10 4 3 5 8 9 11 6 6 3 10 4 10 4 10 7 8 8 15 12 14 9 6 11 4 7 6 10 8 4 3 6 4 4 7 6 9 6 7 6 8 9 8 8 5 12 6 5 7 10 7 6
14 8 8 16 8 3 6 5 6 10 7 6 6 5 6 9 4 9 13 6 10 8 8 8 10 7 7 5 7 10 4 10 11 10 5 7 9 8 7 9 11 8 5 11 6 5 2 8 11 4 4 5 8 9 11 6 6 4 10 4 10 4 11 8 9 10 16 12 14 10 7 11 4 7 6 10 8 4 3 6 4 4 7 6 9 6 7 6 9 10 8 8 6 12 6 5 8 10 7 6
15 8 8 16 8 5 6 5 7 11 7 6 8 6 7 9 5 10 13 6 11 9 8 9 11 8 7 5 7 10 4 10 12 11 6 7 9 9 7 10 11 8 5 11 6 7 2 9 11 5 4 5 8 11 12 7 6 4 11 4 10 4 11 8 9 11 16 12 14 10 9 11 4 7 6 10 8 4 3 6 4 5 7 6 9 6 7 6 10 10 8 8 6 12 6 5 8 10 7 6
15 9 8 16 8 5 6 5 7 11 7 7 8 6 7 11 5 10 15 7 11 9 8 9 11 9 7 6 8 10 5 10 12 12 6 7 9 9 7 10 11 8 7 11 6 9 3 9 11 6 4 7 8 11 14 7 6 4 11 4 12 4 12 8 10 11 16 12 15 10 9 11 6 7 6 10 8 4 5 6 4 5 7 6 10 7 7 6 10 10 8 10 6 12 7 5 10 11 7 6
15 9 9 16 9 6 6 5 7 11 8 7 8 7 7 11 5 10 16 7 11 9 8 10 12 10 8 6 8 10 5 10 13 12 6 10 10 9 8 10 11 8 7 11 6 9 4 10 12 6 4 8 8 11 15 8 6 5 11 4 12 4 12 9 10 11 16 13 15 10 9 11 6 7 8 10 8 5 5 6 5 5 8 8 10 7 8 6 11 12 8 10 7 12 8 6 11 12 7 6
15 10 9 17 9 6 6 6 7 11 8 8 8 7 8 11 6 10 17 8 12 11 8 10 12 10 8 6 9 10 5 10 13 12 6 11 11 9 8 10 11 9 7 11 6 9 5 10 13 8 4 9 8 12 15 9 6 5 11 5 13 4 12 10 10 11 16 13 16 10 9 11 6 9 8 10 9 5 7 7 5 5 9 8 11 8 9 6 11 12 9 11 7 12 8 6 11 13 7 6
16 10 11 19 10 6 8 6 7 11 9 8 8 8 10 11 7 10 17 8 13 11 8 10 12 10 8 6 10 10 5 10 13 12 7 12 11 10 10 10 11 9 7 12 6 9 5 10 13 9 4 9 8 13 15 11 6 7 11 6 13 4 13 10 10 11 16 13 16 10 9 11 6 9 8 11 9 6 8 7 6 6 10 8 12 8 9 6 11 12 9 12 7 12 9 8 11 14 7 6
16 10 12 19 10 6 8 7 8 11 10 9 8 8 10 12 7 11 17 8 14 13 8 12 12 11 8 6 10 10 5 11 14 13 7 12 11 10 10 11 12 10 8 12 7 10 7 10 13 9 4 11 8 13 15 12 6 7 11 6 13 4 14 10 10 11 16 13 17 10 9 11 6 10 8 11 9 7 8 8 7 6 10 8 12 9 10 6 12 13 9 12 7 12 9 9 12 14 7 6
16 10 12 21 11 6 8 7 9 12 11 9 8 9 10 12 7 11 17 9 14 13 10 13 12 11 9 6 10 11 5 11 15 14 7 12 11 10 11 12 12 10 8 12 7 11 7 10 13 9 4 11 8 13 16 12 6 7 11 6 13 5 14 10 11 11 16 13 17 10 9 12 6 11 8 11 9 8 8 9 7 7 10 9 12 9 11 6 12 13 9 12 8 12 9 9 12 15 7 7
16 10 13 21 11 6 8 7 9 12 11 9 8 9 10 12 7 11 17 10 14 13 10 13 12 11 9 6 11 11 6 12 15 14 8 12 12 10 12 12 12 11 8 12 7 11 8 11 13 10 4 11 8 13 17 12 6 8 11 6 13 6 15 10 12 11 16 13 18 11 9 13 6 11 8 13 9 9 8 10 8 8 10 9 12 9 11 6 13 13 10 13 9 13 11 9 13 15 7 7
16 10 13 21 11 6 8 7 12 12 12 10 8 9 11 12 7 12 17 11 14 14 10 13 12 12 9 6 11 12 6 12 15 14 8 13 12 11 12 13 12 12 8 13 7 11 8 12 13 10 4 11 9 13 17 12 7 8 12 6 13 6 16 11 12 11 16 13 18 11 10 14 6 12 9 13 9 9 8 10 8 10 11 10 12 11 12 7 13 15 12 13 9 13 11 9 13 15 8 7
17 10 13 21 12 7 8 7 12 12 12 10 10 9 11 13 7 12 18 12 14 14 10 13 12 12 11 7 11 12 6 12 16 14 8 14 13 13 12 13 13 14 8 13 7 11 9 12 13 11 4 12 10 14 17 12 7 10 13 6 13 7 16 11 12 11 16 13 19 11 10 14 6 13 9 13 9 9 8 12 9 11 12 10 13 11 12 7 13 16 12 13 9 14 13 9 13 16 8 7
18 12 13 22 12 7 8 7 12 12 12 10 11 10 11 13 7 13 18 12 14 14 10 13 13 13 11 8 12 12 6 14 16 14 8 14 13 13 12 13 13 15 8 13 8 12 9 14 14 12 4 13 12 14 17 13 7 10 13 8 13 7 16 11 13 11 16 13 19 11 10 14 6 13 9 13 10 9 8 12 9 11 12 11 14 11 12 7 13 16 12 13 9 14 14 9 14 17 8 7
18 12 13 23 12 7 8 8 12 12 12 10 12 10 13 13 8 13 18 12 14 14 11 16 13 13 11 8 12 13 6 14 16 14 10 14 13 14 12 14 14 16 8 13 8 12 10 14 16 12 4 14 13 14 17 13 8 10 13 8 13 7 17 11 13 12 17 15 19 11 10 15 6 13 9 13 10 9 9 13 9 13 12 13 15 11 13 8 14 16 12 14 9 14 14 9 14 17 8 7
18 12 13 24 12 7 9 8 12 14 13 10 12 11 13 13 8 13 19 12 14 14 11 17 13 14 11 8 12 13 6 14 16 16 10 14 13 14 12 15 15 17 8 13 8 13 10 14 17 13 4 15 13 14 17 13 8 11 13 8 13 7 17 12 13 13 18 15 19 11 10 17 7 14 11 13 10 10 9 13 10 15 13 13 16 11 13 8 14 17 12 15 9 14 14 9 15 18 8 7
19 12 13 25 12 7 9 8 12 15 13 10 13 11 13 13 8 13 19 13 14 14 13 17 14 14 11 8 13 14 6 14 16 16 11 14 13 14 12 17 16 17 8 13 8 13 10 14 17 14 4 15 13 15 17 13 9 11 13 8 14 7 17 13 13 13 18 15 19 11 10 17 7 15 12 13 10 10 11 13 10 15 14 13 16 12 15 8 14 18 12 15 9 14 15 9 16 18 8 8
19 12 13 25 12 7 9 11 13 15 13 11 13 12 13 13 11 13 19 13 15 14 13 17 14 14 11 8 13 14 6 14 16 17 11 15 13 15 12 17 17 17 8 14 8 14 10 14 17 15 4 15 13 16 17 16 10 12 13 9 14 8 18 13 13 13 19 15 20 13 10 17 7 16 12 13 10 10 11 13 10 15 15 13 16 13 15 8 15 18 13 16 9 14 15 10 16 18 9 8
20 14 14 25 12 7 10 11 13 17 13 12 13 12 14 13 11 13 19 13 15 14 13 17 15 16 11 8 13 14 8 14 17 17 11 15 13 15 12 17 17 17 8 15 8 15 10 14 17 17 4 15 13 17 17 16 10 12 14 11 15 9 19 14 13 13 19 17 21 13 10 17 8 16 13 13 12 10 11 15 10 16 16 14 17 13 15 9 15 18 14 16 12 15 15 11 16 18 10 9
20 14 15 25 12 7 10 11 14 17 13 12 13 14 15 13 11 14 20 13 15 14 13 18 17 17 11 8 13 14 8 15 18 17 11 15 15 16 12 18 17 17 9 16 8 15 10 14 17 17 5 16 13 17 17 16 10 12 14 12 16 9 19 14 13 13 19 17 21 14 12 18 8 16 13 14 14 10 11 16 10 17 16 14 17 15 15 9 16 18 14 16 12 16 15 11 16 18 11 10
21 14 15 26 12 7 10 13 14 17 13 12 13 14 16 13 11 15 21 14 15 14 13 19 17 17 11 8 13 14 8 15 18 18 11 15 15 16 12 18 17 17 9 16 9 15 10 14 17 17 5 18 13 17 20 16 10 12 14 13 16 9 19 15 14 13 19 17 21 14 14 18 9 16 13 14 14 12 11 16 10 17 16 14 17 15 15 9 16 18 14 16 12 16 15 11 16 18 11 10
22 15 16 27 12 8 10 13 14 17 13 13 14 14 16 13 11 15 21 14 15 15 16 19 17 17 11 8 13 15 8 15 18 18 11 16 15 16 14 18 17 17 11 16 10 15 10 14 17 19 5 18 14 17 20 16 10 12 14 13 16 10 19 15 15 13 21 17 21 14 14 18 9 16 14 14 14 12 12 17 11 17 17 14 17 15 15 10 17 18 14 16 13 17 15 11 16 19 12 11
23 16 16 27 14 8 10 14 14 17 14 13 16 15 16 14 11 15 21 14 15 15 16 20 18 19 11 8 13 15 8 16 20 18 12 16 16 16 14 20 17 17 11 17 10 15 10 14 17 19 5 19 14 17 20 16 10 12 14 13 16 11 19 16 16 14 21 17 22 14 16 18 9 16 15 14 14 13 13 20 11 17 17 14 17 15 17 10 17 18 14 16 13 17 15 11 16 20 12 11
24 16 16 27 14 9 10 15 15 18 14 13 16 15 16 14 11 15 21 14 15 15 19 20 18 19 11 10 13 15 8 16 21 18 12 16 16 16 14 20 18 17 11 17 10 16 10 14 17 19 5 19 14 17 20 17 10 12 14 14 16 11 20 16 16 14 21 18 22 14 18 18 9 16 15 15 14 14 14 21 11 19 17 14 17 16 17 10 18 18 14 16 13 17 15 11 16 21 12 11
24 16 17 28 15 9 10 15 15 18 14 13 16 15 16 14 12 15 22 14 16 15 19 20 19 20 12 10 13 15 9 19 22 19 12 16 17 16 14 20 18 17 11 17 11 16 10 15 17 20 5 19 14 17 20 17 10 12 14 14 16 12 20 17 16 14 21 19 22 14 20 18 11 16 16 15 14 15 16 23 12 19 18 14 17 16 17 10 18 19 14 16 13 17 15 11 17 21 12 11
25 16 18 29 15 10 10 15 15 19 14 14 16 17 16 15 12 15 22 14 16 15 19 20 20 20 13 11 13 16 9 19 23 19 12 16 18 17 14 21 18 17 13 17 11 16 10 15 18 20 5 19 14 17 21 18 10 13 14 14 16 12 20 18 16 15 21 20 22 15 20 18 11 17 16 15 14 16 16 23 12 19 18 14 17 16 17 10 18 19 15 16 14 17 15 11 17 21 12 11
25 17 19 30 16 11 10 17 16 19 14 14 16 17 16 15 12 15 22 14 16 15 21 21 20 21 13 12 13 16 9 20 23 19 12 17 18 17 14 21 18 18 13 17 11 17 10 15 18 20 5 19 15 17 21 18 10 13 15 14 17 12 20 18 16 16 22 20 22 15 21 18 11 18 16 16 15 17 17 23 14 20 18 14 17 16 17 12 18 19 15 18 14 17 15 11 17 23 12 11
26 17 21 30 17 11 10 17 17 19 15 16 17 17 17 15 12 15 24 14 16 17 21 22 20 21 13 12 13 17 9 20 23 20 12 18 18 17 14 22 19 18 14 17 11 17 10 15 19 20 6 20 16 17 21 18 10 13 16 14 17 13 21 18 16 16 22 22 22 16 21 18 11 18 17 16 15 18 17 23 15 20 18 14 17 17 17 12 18 19 16 18 14 18 15 11 18 23 12 11
26 17 22 30 17 11 11 17 17 19 15 16 17 17 17 17 12 15 24 14 16 17 23 22 21 21 13 12 13 17 10 20 23 21 13 18 18 18 14 22 19 19 14 18 11 17 10 15 19 21 6 20 16 17 21 18 11 13 17 14 17 13 21 18 16 16 22 23 22 16 21 18 11 18 17 16 16 19 17 24 18 20 18 14 17 17 17 12 19 20 17 18 14 18 16 11 19 24 14 11
28 17 22 30 17 11 11 18 17 19 15 17 18 19 17 17 15 16 24 14 16 17 23 22 21 21 14 13 13 17 10 21 23 21 14 18 18 18 14 22 19 19 14 18 12 18 10 15 19 21 6 20 16 18 22 18 12 14 17 14 17 13 21 18 16 16 22 23 23 16 22 18 11 18 18 16 17 20 18 25 19 22 18 14 17 18 21 12 21 20 19 18 15 18 16 12 19 24 14 12
29 17 22 32 20 11 12 18 18 19 15 18 18 20 17 17 15 16 24 15 16 18 25 23 22 21 14 13 14 17 10 22 26 21 14 18 18 18 15 22 19 19 14 19 12 18 11 15 19 21 6 20 16 18 22 18 12 14 21 14 17 13 22 18 16 17 22 23 25 16 22 18 11 18 18 16 19 20 18 25 19 24 18 15 17 18 21 12 21 20 20 19 15 19 16 12 20 26 15 12
30 17 24 32 20 11 12 18 18 19 15 18 18 20 17 18 16 16 24 15 17 19 25 23 22 21 14 13 16 18 10 22 26 21 14 18 18 20 16 22 19 20 15 19 12 19 12 15 19 22 6 20 16 19 22 19 13 15 22 14 17 13 22 18 16 17 22 24 25 17 22 18 11 18 18 17 19 20 18 27 20 24 19 16 18 19 21 13 21 20 20 19 15 20 16 13 21 26 17 13
